# Cross-section of pi+ proton scattering based on resonance formation
#   sqrt(s) [GeV]             sigma [mbarn]    	  	    p_lab [GeV]
   1.0778500000000002        3.0599268679669465E-004   1.7907469234699916E-003
   1.0878500000000002       0.14074998779500431        5.7949956787355608E-002
   1.0978500000000002       0.65385667284854065        8.3751169053197350E-002
   1.1078500000000002        1.7304227441629987       0.10477994815566129     
   1.1178500000000002        3.6548649784270859       0.12352915276199301     
   1.1278500000000002        6.8563480907498109       0.14093858609154039     
   1.1378500000000003        11.985697988560453       0.15747758787921498     
   1.1478500000000003        20.021901545239515       0.17341767322759649     
   1.1578500000000003        32.386250629821618       0.18893112558723196     
   1.1678500000000003        50.950063450932497       0.20413449090929994     
   1.1778500000000003        77.581061636961536       0.21911041792290276     
   1.1878500000000003        112.52445924759027       0.23391968349462916     
   1.1978500000000003        151.37333775328881       0.24860828889041164     
   1.2078500000000001        183.67624632299828       0.26321188044609850     
   1.2178500000000003        198.85126360943826       0.27775862618288083     
   1.2278500000000001        195.21863621784578       0.29227115608059595     
   1.2378500000000001        179.52881534952280       0.30676791076362175     
   1.2478500000000001        159.52614239665917       0.32126410328525651     
   1.2578500000000001        139.90713113750411       0.33577242030201276     
   1.2678500000000001        122.56549343316229       0.35030354317205187     
   1.2778500000000002        107.88946616045183       0.36486654182296946     
   1.2878500000000002        95.663522788941123       0.37946917694447951     
   1.2978500000000002        85.502514455667878       0.39411813496378811     
   1.3078500000000002        77.022746076147143       0.40881921296215679     
   1.3178500000000002        69.895828191298335       0.42357746578456706     
   1.3278500000000002        63.856920961365645       0.43839732423111827     
   1.3378500000000002        58.697765116250707       0.45328269087235190     
   1.3478500000000002        54.256255838641934       0.46823701836726589     
   1.3578500000000002        50.406614437025127       0.48326337396619956     
   1.3678500000000002        47.051221379175459       0.49836449300843727     
   1.3778500000000002        44.114181912687243       0.51354282358057812     
   1.3878500000000003        41.536353817977066       0.52880056402115116     
   1.3978500000000003        39.271633945108917       0.54413969459447753     
   1.4078500000000003        37.284290779671025       0.55956200438067560     
   1.4178500000000003        35.546989205573070       0.57506911421650175     
   1.4278500000000003        34.039250696377195       0.59066249635723111     
   1.4378500000000001        32.746097137073995       0.60634349140126986     
   1.4478500000000003        31.656658365317256       0.62211332291805765     
   1.4578500000000001        30.762523563465930       0.63797311013963032     
   1.4678500000000003        30.055630040683596       0.65392387901229543     
   1.4778500000000001        29.525586077358014       0.66996657185349251     
   1.4878500000000003        29.156620401772074       0.68610205581750983     
   1.4978500000000001        28.924912461789631       0.70233113034003147     
   1.5078500000000001        28.797768132218117       0.71865453370406629     
   1.5178500000000001        28.736451946217592       0.73507294884725205     
   1.5278500000000002        28.703633407515724       0.75158700851199045     
   1.5378500000000002        28.673957333297903       0.76819729982448948     
   1.5478500000000002        28.643283624698192       0.78490436837602484     
   1.5578500000000002        28.630806604267988       0.80170872186906306     
   1.5678500000000002        28.669442563853302       0.81861083338196650     
   1.5778500000000002        28.782465298617801       0.83561114429847383     
   1.5878500000000002        28.949839409975603       0.85271006694181728     
   1.5978500000000002        29.083181237924002       0.86990798694796156     
   1.6078500000000002        29.146247375543808       0.88720526540788469     
   1.6178500000000002        28.957106793424376       0.90460224080493290     
   1.6278500000000002        28.492916342718679       0.92209923076995293     
   1.6378500000000003        27.801505822899664       0.93969653367405348     
   1.6478500000000003        26.986211603013320       0.95739443007639569     
   1.6578500000000003        26.094258677983028       0.97519318404229571     
   1.6678500000000001        25.142887094142562       0.99309304434509915     
   1.6778500000000003        24.154390232969163        1.0110942455636991     
   1.6878500000000001        23.166562888625069        1.0291970090861893     
   1.6978500000000003        22.227624452776958        1.0474015440289675     
   1.7078500000000001        21.549136236531719        1.0657080480795189     
   1.7178500000000003        21.032344573016228        1.0841167082702490     
   1.7278500000000001        20.656422089741490        1.1026277016898738     
   1.7378500000000003        20.447820712615513        1.1212411961382300     
   1.7478500000000001        20.433585837109007        1.1399573507297023     
   1.7578500000000004        20.641416088976396        1.1587763164499496     
   1.7678500000000001        21.098774037628040        1.1776982366701108     
   1.7778500000000004        21.830144742969821        1.1967232476222647     
   1.7878500000000002        22.852132968365993        1.2158514788395094     
   1.7978500000000002        24.167392486048620        1.2350830535637345     
   1.8078500000000002        25.759854666086653        1.2544180891238119     
   1.8178500000000002        27.593683493626962        1.2738566972867109     
   1.8278500000000002        29.615269358794841        1.2933989845837706     
   1.8378500000000002        31.753628006939110        1.3130450526141764     
   1.8478500000000002        33.915775449774152        1.3327949983274787     
   1.8578500000000002        35.981461723636826        1.3526489142868370     
   1.8678500000000002        37.807932022925222        1.3726068889145093     
   1.8778500000000002        39.251415341325881        1.3926690067209784     
   1.8878500000000003        40.199609075887579        1.4128353485189753     
   1.8978500000000003        40.599496049507309        1.4331059916235558     
   1.9078500000000003        40.466507683218026        1.4534810100392845     
   1.9178500000000001        39.878891119775879        1.4739604746354873     
   1.9278500000000003        38.941935053481885        1.4945444533104546     
   1.9378500000000001        37.755305636847645        1.5152330111453987     
   1.9478500000000003        36.415807446519374        1.5360262105489209     
   1.9578500000000001        35.004327553219497        1.5569241113926409     
   1.9678500000000003        33.580966581396602        1.5779267711386447     
   1.9778500000000001        32.186914163796601        1.5990342449592951     
   1.9878500000000003        30.848118873384443        1.6202465858499608     
   1.9978500000000001        29.579206731417877        1.6415638447351248     
   2.0078500000000004        28.386896063544619        1.6629860705683477     
   2.0178500000000001        27.272669782544064        1.6845133104264727     
   2.0278500000000004        26.234729178894234        1.7061456095984813     
   2.0378500000000002        25.269355349076157        1.7278830116693309     
   2.0478500000000004        24.371822430207239        1.7497255585991203     
   2.0578500000000002        23.536989371772847        1.7716732907978676     
   2.0678500000000000        22.759669458732237        1.7937262471962030     
   2.0778500000000002        22.034850394022918        1.8158844653122121     
   2.0878500000000004        21.357816246316425        1.8381479813146915     
   2.0978500000000002        20.724206432013158        1.8605168300830275     
   2.1078500000000000        20.130035352218975        1.8829910452639222     
   2.1178500000000002        19.571688287087895        1.9055706593251343     
   2.1278500000000005        19.045903695583956        1.9282557036064443     
   2.1378500000000003        18.549748413419241        1.9510462083679876     
   2.1478500000000000        18.080589821056403        1.9739422028361344     
   2.1578500000000003        17.636067467110891        1.9969437152470397     
   2.1678500000000005        17.214065603763540        2.0200507728880117     
   2.1778500000000003        16.812687431948806        2.0432634021368270     
   2.1878500000000001        16.430231438744507        2.0665816284991072     
   2.1978500000000003        16.065169953243021        2.0900054766438663     
   2.2078500000000005        15.716129894300233        2.1135349704373319     
   2.2178500000000003        15.381875597010248        2.1371701329751454     
   2.2278500000000001        15.061293560270641        2.1609109866130236     
   2.2378499999999999        14.753378939508391        2.1847575529959644     
   2.2478500000000001        14.457223606212114        2.2087098530860900     
   2.2578500000000004        14.172005602703006        2.2327679071891824     
   2.2678500000000001        13.896979832329819        2.2569317349799998     
   2.2778499999999999        13.631469839323469        2.2812013555264321     
   2.2878500000000002        13.374860547257772        2.3055767873125506     
   2.2978500000000004        13.126591839464364        2.3300580482606206     
   2.3078500000000002        12.886152878300534        2.3546451557521229     
   2.3178500000000000        12.653077072598766        2.3793381266478533     
   2.3278500000000002        12.426937613833477        2.4041369773071128     
   2.3378500000000004        12.207343511524583        2.4290417236060722     
   2.3478500000000002        11.993936067215722        2.4540523809553334     
   2.3578500000000000        11.786385734107196        2.4791689643167296     
   2.3678500000000002        11.584389316190189        2.5043914882194094     
   2.3778500000000005        11.387667466625299        2.5297199667752257     
   2.3878500000000003        11.195962450235657        2.5551544136934843     
   2.3978500000000000        11.009036139437363        2.5806948422950731     
   2.4078500000000003        10.826668216793378        2.6063412655259923     
   2.4178500000000005        10.648654560728465        2.6320936959703309     
   2.4278500000000003        10.474805793850319        2.6579521458627089     
   2.4378500000000001        10.304945975845623        2.6839166271002126     
   2.4478500000000003        10.138911425111152        2.7099871512538436     
   2.4578500000000005        9.9765496551849857        2.7361637295794994     
   2.4678500000000003        9.8177184136998967        2.7624463730285305     
   2.4778500000000001        9.6622848130248258        2.7888350922578637     
   2.4878499999999999        9.5101245430190655        2.8153298976397312     
   2.4978500000000001        9.3611211574233266        2.8419307992710157     
   2.5078500000000004        9.2151654263732397        2.8686378069822300     
   2.5178500000000001        9.0721547483629053        2.8954509303461560     
   2.5278499999999999        8.9319926157247984        2.9223701786861405     
   2.5378500000000002        8.7945881283411271        2.9493955610840836     
   2.5478500000000004        8.6598555508727042        2.9765270863881130     
   2.5578500000000002        8.5277139092944498        3.0037647632199751     
   2.5678500000000000        8.3980866229709079        3.0311085999821534     
   2.5778500000000002        8.2709011688976801        3.0585586048647104     
   2.5878500000000004        8.1460887750824931        3.0861147858518785     
   2.5978500000000002        8.0235841403478005        3.1137771507284118     
   2.6078500000000000        7.9033251781109524        3.1415457070857102     
   2.6178500000000002        7.7852527819415149        3.1694204623277056     
   2.6278500000000005        7.6693106109125075        3.1974014236765460     
   2.6378500000000003        7.5554448929559692        3.2254885981780701     
   2.6478500000000000        7.4436042446065489        3.2536819927070968     
   2.6578500000000003        7.3337395056715717        3.2819816139725093     
   2.6678500000000005        7.2258035875049345        3.3103874685221708     
   2.6778500000000003        7.1197513336866436        3.3388995627476659     
   2.6878500000000001        7.0155393920217524        3.3675179028888773     
   2.6978500000000003        6.9131260968730661        3.3962424950383996     
   2.7078500000000005        6.8124713609326228        3.4250733451458006     
   2.7178500000000003        6.7135365756184981        3.4540104590217409     
   2.7278500000000001        6.6162845193574586        3.4830538423419521     
   2.7378500000000003        6.5206792730803542        3.5122035006510743     
   2.7478500000000001        6.4266861423175516        3.5414594393663674     
   2.7578500000000004        6.3342715853359968        3.5708216637813033     
   2.7678500000000001        6.2434031468091895        3.6002901790690247     
   2.7778499999999999        6.1540493965557852        3.6298649902857050     
   2.7878500000000002        6.0661798729234375        3.6595461023737843     
   2.7978500000000004        5.9797650304312775        3.6893335201651043     
   2.8078500000000002        5.8947761913179066        3.7192272483839410     
   2.8178500000000000        5.8111855006723525        3.7492272916499418     
   2.8278500000000002        5.7289658848531841        3.7793336544809581     
   2.8378500000000004        5.6480910129261552        3.8095463412957953     
   2.8478500000000002        5.5685352608738032        3.8398653564168708     
   2.8578500000000000        5.4902736783514205        3.8702907040727919     
   2.8678500000000002        5.4132819577829281        3.9008223884008499     
   2.8778500000000005        5.3375364056076000        3.9314604134494235     
   2.8878500000000003        5.2630139155045335        3.9622047831803320     
   2.8978500000000000        5.1896919434363102        3.9930555014710927     
   2.9078500000000003        5.1175484843665640        4.0240125721171225     
   2.9178500000000005        5.0465620505183484        4.0550759988338543     
   2.9278500000000003        4.9767116510511915        4.0862457852588134     
   2.9378500000000001        4.9079767730449975        4.1175219349536096     
   2.9478500000000003        4.8403373636881515        4.1489044514058770     
   2.9578500000000005        4.7737738135757626        4.1803933380311511     
   2.9678500000000003        4.7082669410315887        4.2119885981746963     
   2.9778500000000001        4.6437979773745193        4.2436902351132737     
   2.9878500000000003        4.5803485530568038        4.2754982520568579     
   2.9978500000000001        4.5179006846074037        4.3074126521502940     
   3.0078500000000004        4.4564367623190009        4.3394334384749280     
   3.0178500000000001        4.3959395386225699        4.3715606140501588     
   3.0278499999999999        4.3363921170977084        4.4037941818349760     
   3.0378500000000002        4.2777779420713093        4.4361341447294258     
   3.0478500000000004        4.2200807887609297        4.4685805055760532     
   3.0578500000000002        4.1632847539227980        4.5011332671612925     
   3.0678500000000000        4.1073742469675718        4.5337924322168224     
   3.0778500000000002        4.0523339815100652        4.5665580034208864     
   3.0878500000000004        3.9981489673217379        4.5994299833995553     
   3.0978500000000002        3.9448045026573424        4.6324083747279863     
   3.1078500000000004        3.8922861669294058        4.6654931799316204     
   3.1178500000000002        3.8405798137063241        4.6986844014873537     
   3.1278500000000000        3.7896715640117433        4.7319820418246845     
   3.1378500000000003        3.7395477999047588        4.7653861033268168     
   3.1478500000000000        3.6901951583220427        4.7988965883317327     
   3.1578500000000003        3.6416005251644608        4.8325134991332579     
   3.1678500000000001        3.5937510296122497        4.8662368379820533     
   3.1778500000000003        3.5466340386539241        4.9000666070866368     
   3.1878500000000001        3.5002371518153867        4.9340028086143217     
   3.1978500000000003        3.4545481960766500        4.9680454446921738     
   3.2078500000000001        3.4095552209646822        5.0021945174079114     
   3.2178500000000003        3.3652464938116728        5.0364500288108012     
   3.2278500000000001        3.3216104951689069        5.0708119809125174     
   3.2378500000000003        3.2786359143671895        5.1052803756879941     
   3.2478500000000001        3.2363116452154235        5.1398552150762278     
   3.2578500000000004        3.1946267818296064        5.1745365009810929     
   3.2678500000000001        3.1535706145851172        5.2093242352721036     
   3.2778500000000004        3.1131326261856520        5.2442184197851818     
   3.2878500000000002        3.0733024878427306        5.2792190563233827     
   3.2978500000000004        3.0340700555600737        5.3143261466576268     
   3.3078500000000002        2.9954253665176598        5.3495396925273839     
   3.3178500000000004        2.9573586355505617        5.3848596956413681     
   3.3278500000000002        2.9198602517181058        5.4202861576781860     
   3.3378500000000004        2.8829207749591395        5.4558190802870010     
   3.3478500000000002        2.8465309328295652        5.4914584650881455     
   3.3578500000000004        2.8106816173185099        5.5272043136737539     
   3.3678500000000002        2.7753638817398310        5.5630566276083444     
   3.3778500000000005        2.7405689376957638        5.5990154084294135     
   3.3878500000000003        2.7062881521099080        5.6350806576480013     
   3.3978500000000000        2.6725130443267631        5.6712523767492486     
   3.4078500000000003        2.6392352832753434        5.7075305671929364     
   3.4178500000000001        2.6064466846944994        5.7439152304140135     
   3.4278500000000003        2.5741392084177250        5.7804063678231108     
   3.4378500000000001        2.5423049557154269        5.8170039808070495     
   3.4478500000000003        2.5109361666926819        5.8537080707293221     
   3.4578500000000001        2.4800252177407014        5.8905186389305761     
   3.4678500000000003        2.4495646190402804        5.9274356867290825     
   3.4778500000000001        2.4195470121156397        5.9644592154211802     
   3.4878500000000003        2.3899651674371452        6.0015892262817410     
   3.4978500000000001        2.3608119820714943        6.0388257205645752     
   3.5078500000000004        2.3320804773780011        6.0761686995028841     
   3.5178500000000001        2.3037637967497555        6.1136181643096457     
   3.5278500000000004        2.2758552033983994        6.1511741161780460     
   3.5378500000000002        2.2483480781814249        6.1888365562818448     
   3.5478500000000004        2.2212359174708811        6.2266054857757842     
   3.5578500000000002        2.1945123310624886        6.2644809057959492     
   3.5678500000000004        2.1681710401241441        6.3024628174601434     
   3.5778500000000002        2.1422058751829245        6.3405512218682389     
